# Created by Octave 5.2.0, Thu Feb 13 11:51:26 2020 GMT <unknown@yangqin>
# name: v
# type: matrix
# rows: 10
# columns: 1
 2957
 4870
 4403
 2587
 5006
 5291
 5526
 4442
 4429
 2602


